รหัสนักศึกษา
6910210317
6910210747
6910210804
6910210016
6910210190
6910210035
6910210409
6910210296
6910210752
6910210483
6910210775
6910210374
6910210074
6910210649
6910210753
6910210139
6610210403
6910210371
6710210573
6910210064
6910210420
6910210613
6910210689
6910210858​
6910210402
6910210415
6910210283
6910210449
6910210013
6910210106
6910210792
6910210200
6910210209
6910210166
6910210370
6910210384
6910210252
6910210839
6910210196
6910210250
6910210557
6910210305
6910210274
6910210576
6910210577
6910210581
6910210546
6910210756
6910210884
6910210012
6910210634
6910210394
6910210027
6910210143
6910210327
6910210766
6910210450
6910210474
6910210549
6910210339
6910210367
6910210073
6910210347
6910210203
6910210077
6910210014
6910210168
6910210175
6810210027
6910210800
6610210058
6910210418
6910210110
6910210495
6710210864
6910210584
6910210583
6910210539
6910210476
6810210006
6910210907
6910210191
6910210627
6810210017
6910210309
6910210599
6910210321
6910210080
6910210098
6910210413
6810210087
6910210543
6910210186
6910210032
6910210661
6910210038
6910210267
6910210198
6610210034
6810210106
6910210136
6910210249
6910210406
6910210132
6910210025
6910210643
6910210239
6910210135
6910210573
6910210292
6910210534
6910210366
6910210316
6810210095
6910210648
6910210116
6910210608
6910210326
6910210180
6910210637
6910210314
6910210052
6910210170
6910210826
6910210086
6910210860
6910210516
6910210682
6910210626
6910210605
6910210802
6910210505
6910210120
6910210815
6910210874
6910210745
6910210220
6910210227
6810210611
6910210453
6910210100
6910210104
6910210043
6910210429
6910210441
6910210767
6910210484
6910210258
6910210466
6910210398
6910210688
6910210518
6910210565
6910210337
6910210900
6910210825
6910210405
6910210161
6910210890
6910210004
6910210352
6910210680
6910210053
6910210560
6910210510
6910210754
6910210835
6910210564
6910210195
6910210856
6910210644
6910210181
6910210068
6910210133
6910210150
6910210224
6910210058
6910210810
6910210109
6910210871
6910210654
6910210480
6710210517
6910210843
6910210777
6910210286
6910210677
6610210146
6910210585
6910210059
6910210044
6910210526
6910210590
6910210105
6910210383
6910210033
6910210838
6910210558
6910210277
6910210723
6910210141
6910210687
6910210494
6910210348
6910210076
6910210270
6910210121
6910210022
6910210386
6910210537
6910210673
6910210365
6910210779
6810210500
6910210173
6910210303
6910210221
6910210230
6910210090
6910210744
6910210204
6910210164
6910210594
6910210895
6910210192
6910210397
6910210448
6910210727
6910210522
6910210273
6910210922
6910210050
6910210442
6910210217
6910210498
6910210097
6910210188
6910210742
6910210587
6910210279
6910210005
6910210185
6910210079
6910210193
6910210306
6910210149
6910210130
6910210396
6910210210
6910210571
6910210152
6610210440
6910210262
6910210425
6910210140
6910210544
6910210340
6910210297
6910210162
6910210628
6910210848
6910210295
6910210329
6910210360
6910210650
6910210393
6910210857
6910210513
6910210404
6910210385
6910210390
6910210679
6910210898
6910210445
6910210824
6910210102
6910210704
6910210285
6910210061
6910210324
6910210597
6910210553
6910210029
66102010123
6910210822
6910210334
6910210271
6910210659
6910210124
6910210706
6910210464
6910210427
6910210301
6910210045
6910210131
6910210257
6910210447
6910210338
6910210618
6910210615
6910210920
6910210182
6910210532
6910210629
6910210315
6910210379
6910210556
6910210607
6910210712
6910210507
6810210379
6910210331
6910210782
6910210235
6910210399
6910210142
6910210067
6910210809
6910210364
6910210330
6910210213
6810210505
6910210369
6910210655
6910210709
6910210078
6910210568
6910210229
6910210750
6910210502
6910210225
6810210062
6910210720
6910210611
6910210388
6910210707
6910210206
6910210771
6610210377
6610210373
6910210889
6910210302
6910210716
6910210205
6910210265
6910210574
6910210060
6910210408
6910210343
6910210319
6910210493
6910210915
6910210357
6910210236
6910210625
6910210456
6910210378
6910210760
6910210380
6910210155
6910210118
6910210017
6910210248
6910210039
6910210778
6910201517
6910210412
6910210401
6910210579
6910210521
6910210276
6910210197
6910210392
6910210669
6910210311
6910210179
6910210245
6810210653
6910210778
6910210490
6910210910
6910210226
6910210878
6910210912
6910210172
6910210634
6910210260
6910210065
6910210702
6910210776
6910210525
6910210674
6910210713
6910210424
6910210816
6910210048
6910210419
6910210610
6910210122
6910210167
6910210591
6910210515
6910210504
6910210069
6910210783
6910210253
6910210247
6910210645
6910210281
6910210287
6910210596
6810210068
6910210317
6910210868
6910210769
6910210914
6910210828
6910210246
6910210128
6910210268
6710210215
6710210319
6910210687
6910210665
6910210813
6910210146
6910210417
6910210042
6910210467
6910210796
6910210548
6910210041
6910210423
6910210799