รหัสนักศึกษา
6910210344
6910210409
6910210841
6910210546
6910210819
6910210483
6910210473
6910210300
6910210371
6910210131
6910210158
6910210025
6910210374
6910210206
6910210474
6910210259
6910210427
6910210538
6910210679
6910210380
6910210064
6910210415
6910210537
6910210689
6910210317
6910210228
6910210364
6910210096
6910210123
6910210848
6910210340
6910210128
6910210337
6910210627
6910210195
6910210081
6910210156
6910210166
6910210852
6910210809
6910210231
6910210383
6910210185
6910210394
6910210607
6910210882
6910210585
6910210348
6910210353
6910210425
6910210634
6910210794
6910210378
6910210302
6910210210
6910210091
6910210750
6910210129
6910210463
6910210339
6910210246
6910210855
6910210289
6910210281
6910210592
6910210628
6910210014
6910210230
6810210078
6810210080
6910210312
6910210361
6910210839
6910210449
6910210245
6910210466
6910210386
6910210253
6910210209
6910210157
6910210655
6910210856
6910210080
6910210559
6910210135
6910210257
6910210032
6910210764
6910210130
6910210029
6910210196
6910210587
6910210637
6910210640
6910210121